21.25411
0.51060
0.95021
7.80712
1.14968
45.84828
0.24362
2.50909
1.88004
24.84737
0.66671
21.97732
2.20858
0.44006
0.84379
19.39525
5.95623
7.17767
0.21005
9.59914
1.08795
0.26958
0.26776
2.20675
2.47884
2.23266
11.51168
0.27603
1.74090
5.94934
2.27983
3.43266
1.45440
1.42420
10.11112
1.56799
1.68202
7.26526
2.68126
6.88918
5.93181
5.60865
3.30495
5.99584
2.45802
0.32228
3.42027
8.77090
1.17960
12.22864
6.13957
4.60395
2.45939
7.94512
0.86907
6.93554
1.12360
21.23480
12.57768
3.97829
69.21477
3.60242
0.13616
9.80460
0.43593
2.04124
0.89118
13.69151
5.33611
93.94178
77.57402
0.93878
0.14337
2.35397
0.66656
3.36759
1.99402
6.74342
4.54608
22.19106
1.25281
0.75238
2.99978
2.98262
2.08689
0.44316
0.95704
2.96698
14.88886
0.52983
4.63935
0.48423
3.11296
2.43263
18.56892
0.85231
0.24970
0.39072
1.89233
0.25464
1.79939
2.13694
10.24809
0.11117
0.17544
0.42272
40.43043
14.30518
6.49335
2.21317
0.82708
7.62127
3.95899
5.99229
2.72645
2.20397
7.22289
9.32963
4.64547
26.59567
8.76207
0.19273
2.46832
15.98554
4.69108
0.37965
0.69887
1.93589
2.74800
12.98491
2.07515
3.38267
16.16748
0.33730
5.77486
2.84304
1.08767
0.36247
0.98145
2.13617
2.10997
3.40751
3.03561
9.37351
3.45871
7.71537
6.95458
20.40682
6.53665
4.25980
10.25587
3.81158
10.66081
7.26889
5.34170
10.31081
1.19871
13.15745
2.47317
10.00404
2.56333
11.24708
0.30761
1.46739
12.57415
9.54039
0.69881
12.59186
2.28080
0.36389
0.04382
9.04108
6.09696
1.52718
2.69467
0.22784
4.66987
7.28790
1.00847
10.50877
5.04828
6.37383
7.49099
25.75332
15.32314
13.19240
8.41244
5.59280
4.68336
0.39964
1.23164
9.59559
0.04115
0.45748
15.32216
2.35233
1.93381
2.12787
11.55381
1.32712
1.19248
0.92812
8.46467
1.62449
1.61469
2.84734
6.53546
6.96637
7.85306
13.43724
4.41878
10.10240
4.19595
2.85909
8.67597
27.96123
2.00227
4.81550
6.57771
5.99022
4.95769
16.52751
1.50688
0.65149
1.63360
9.75137
2.37656
4.33968
0.31235
0.57306
1.00161
0.42861
4.98072
6.42852
9.18792
6.43306
11.44570
0.48647
7.53620
11.84298
13.28204
10.09414
83.64033
4.26964
1.46493
12.42988
1.59204
5.04848
4.64265
0.15166
0.63794
13.21679
0.07693
1.15744
4.07017
6.56966
9.51854
4.41904
25.87164
1.66963
0.23755
1.88304
1.79803
7.20674
2.91414
3.36638
5.08298
5.64684
12.13845
14.66276
1.47662
7.43635
0.52033
6.99630
1.65711
4.10352
9.16720
14.31335
0.06735
3.41600
15.74912
0.51469
0.16672
11.38362
2.48645
0.69212
18.89891
9.54872
1.74163
6.27769
7.76257
2.42684
3.01830
2.51795
8.99299
1.09489
0.16048
22.45408
10.69480
5.10564
